4 main 1 1
2 sumar 1 6
10 3.14 1 12
5 + 1 16
4 main 1 17
7 ) 1 21
4 if 1 22
7 { 1 24
1 32 1 25
10 34.34 2 1
7 { 3 1
4 int 4 1
2 x 4 5
7 , 4 6
2 y 4 7
7 , 4 8
2 z 4 9
7 ; 4 10
2 real 5 1
2 a 5 6
7 , 5 7
2 b 5 8
7 , 5 9
2 c 5 10
7 ; 5 11
2 suma 6 2
8 = 6 6
1 45 6 7
7 ; 6 9
2 x 7 1
8 = 7 2
10 32.32 7 3
7 ; 7 8
2 x 8 1
8 = 8 2
1 23 8 3
7 ; 8 5
2 y 9 1
8 = 9 2
1 2 9 3
5 + 9 4
1 3 9 5
5 - 9 6
1 1 9 7
7 ; 9 8
2 z 10 1
8 = 10 2
2 y 10 3
5 + 10 4
1 7 10 5
7 ; 10 6
2 y 11 1
8 = 11 2
2 y 11 3
5 + 11 4
1 1 11 5
7 ; 11 6
2 a 12 1
8 = 12 2
10 24.0 12 3
5 + 12 7
1 4 12 8
5 - 12 9
1 1 12 10
5 / 12 11
1 3 12 12
5 * 12 13
1 2 12 14
5 + 12 15
1 34 12 16
5 - 12 18
1 1 12 19
7 ; 12 20
2 x 13 1
8 = 13 2
7 ( 13 3
1 5 13 4
5 - 13 5
1 3 13 6
7 ) 13 7
5 * 13 8
7 ( 13 9
1 8 13 10
5 / 13 11
1 2 13 12
7 ) 13 13
7 ; 13 14
2 y 14 1
8 = 14 2
1 5 14 3
5 + 14 4
1 3 14 5
5 - 14 6
1 2 14 7
5 * 14 8
1 4 14 9
5 / 14 10
1 7 14 11
5 - 14 12
1 9 14 13
7 ; 14 14
2 z 15 1
8 = 15 2
1 8 15 3
5 / 15 4
1 2 15 5
5 + 15 6
1 15 15 7
5 * 15 9
1 4 15 10
7 ; 15 11
2 y 16 1
8 = 16 2
10 14.54 16 3
7 ; 16 8
4 if 17 1
7 ( 17 3
1 2 17 4
6 > 17 5
1 3 17 6
7 ) 17 7
2 then 17 8
2 y 18 9
8 = 18 10
2 a 18 11
5 + 18 12
1 3 18 13
7 ; 18 14
4 else 19 3
4 if 20 7
7 ( 20 9
1 4 20 10
6 > 20 11
1 2 20 12
6 && 20 14
7 ) 20 17
2 then 20 18
2 b 21 14
8 = 21 15
10 3.2 21 16
7 ; 21 19
4 else 22 8
2 b 23 12
8 = 23 13
10 5.0 23 14
7 ; 23 17
4 end 24 8
7 ; 24 11
2 y 25 8
8 = 25 9
2 y 25 10
5 + 25 11
1 1 25 12
7 ; 25 13
4 end 26 1
7 ; 26 4
2 a 27 1
5 + 27 2
5 + 29 1
7 ; 29 2
2 c 30 1
5 -- 30 2
7 ; 30 4
2 x 31 1
8 = 31 2
1 3 31 3
5 + 31 4
1 4 31 5
7 ; 31 6
4 do 32 1
2 y 33 4
8 = 33 5
7 ( 33 6
2 y 33 7
5 + 33 8
1 1 33 9
7 ) 33 10
5 * 33 11
1 2 33 12
5 + 33 13
1 1 33 14
7 ; 33 15
4 while 34 4
7 ( 34 9
2 x 34 10
6 > 34 11
1 7 34 12
7 ) 34 13
7 { 34 14
2 x 34 15
8 = 34 16
1 6 34 17
5 + 34 18
1 8 34 19
5 / 34 20
1 9 34 21
5 * 34 22
1 8 34 23
5 / 34 24
1 3 34 25
7 ; 34 26
4 cin 35 5
2 x 35 9
7 ; 35 10
2 mas 36 4
8 = 36 7
1 36 36 8
5 / 36 10
1 7 36 11
7 ; 36 12
7 } 37 4
7 ; 37 5
2 until 39 2
7 ( 39 7
2 y 39 8
8 = 39 9
8 = 42 1
1 5 46 1
7 ) 46 2
7 ; 46 3
4 while 47 2
7 ( 47 7
2 y 47 8
6 == 47 9
1 0 47 11
7 ) 47 12
7 { 47 13
4 cin 48 5
2 mas 48 9
7 ; 48 12
4 cout 49 5
2 x 49 10
7 ; 49 11
7 } 50 1
7 ; 50 2
7 } 51 1
